{
    "items": [
        {
            "WPM": 3.4965147972106935,
            "KPM": 20.979089736938478,
            "CKPM": 20.979089736938478,
            "ACC": 1.0,
            "CT": 0.9989010095596314,
            "Time": 17.215354919433595
        },
        {
            "WPM": 3.507399797439575,
            "KPM": 24.551799774169923,
            "CKPM": 17.536998748779298,
            "ACC": 0.7142857313156128,
            "CT": 0.99895840883255,
            "Time": 17.945011138916017
        },
        {
            "WPM": 5.3956522941589359,
            "KPM": 32.37391662597656,
            "CKPM": 32.37391662597656,
            "ACC": 1.0,
            "CT": 1.0,
            "Time": 22.593162536621095
        }
    ]
}
